01005003
01005004
01005006
01005007
01005009
01005010
01005012
01005013
01005014
01005015
01005016
01005019
01005021
01005022
01005023
01005025
01005026
01005027
01005028
01005030
01005032
01006015
01006015
01006015
01007002
01007004
01007011
01007017
01007020
01008003
01008006
01008013
01009028
01009029
01011010
01011011
01011012
01011013
01011014
01011015
01011016
01011017
01011018
01011019
01011020
01011021
01011022
01011023
01011024
01011026
01011032
08003015
40009020
40013008
40013008
40013008
40013023
40014021
40015038
40018012
40018012
40018022
40020005
40020005
40020006
40020009
40022025
40025001
40025028
40026015
40027003
40027008
41001013
41004008
41004008
41004008
41004020
41005042
41006040
41006044
41008009
41009035
41012020
42002022
42002037
42002042
42003001
42003023
42004001
42004001
42008008
42008042
42009014
42009014
42010001
42011042
42013004
42013011
42013016
42014019
42015004
42015004
42015007
42015008
42016006
42016007
42017012
42017017
42018012
42019016
42019017
42019024
42019025
42020029
42024013
43002006
43002020
43005005
43006010
43006013
43021008
44002041
44005036
44007006
44007014
44007023
44007030
44007042
44009033
44013018
44013020
44013021
44019019
44021038
44023013
44023021
44023023
44023023
44023023
44024011
44027028
44027037
45004019
46015006
54005009
58003009
58003017
60003020
61003008
61003008
66004004
66011002
66011003
66011013
66011016
66012001
66012006
66012006
66014020
66019004
66020002
66020004
66020005
66020006
66020007
66021012
66021012
66021017
